/* Maintenance on ZG Before Bats Part 2:  Pooling */
DELETE FROM `creature` WHERE `guid` BETWEEN 91480 AND 91484;

/* Crocolisk Packs:  This method can be exported into all Crocolisk Packs, it requires 25 creature entries and 6 pools.
50% Chance to spawn 5, 10% chance for each location to spawn empty creating a 4 pack

INSERT INTO `creature` (`guid`, `id1`, `id2`, `id3`, `map`, `zoneId`, `areaId`, `spawnMask`, `phaseMask`, `equipment_id`, `position_x`, `position_y`, `position_z`, `orientation`, `spawntimesecs`, `wander_distance`, `currentwaypoint`, `curhealth`, `curmana`, `MovementType`, `npcflag`, `unit_flags`, `dynamicflags`, `ScriptName`, `VerifiedBuild`) VALUES 
(@GUID+, 15043, 0, 0, 309, 0, 0, 1, 1, 0, -11903.1, -1490.94, 12.5739, 1.91973, 7200, 0, 0, 9156, 0, 0, 0, 0, 0, '', 0),
(@GUID+, 15043, 0, 0, 309, 0, 0, 1, 1, 0, -11895.3, -1503.19, 15.1803, 5.42918, 7200, 0, 0, 9156, 0, 0, 0, 0, 0, '', 0),
(@GUID+, 15043, 0, 0, 309, 0, 0, 1, 1, 0, -11892.8, -1498.98, 13.7794, 4.75143, 7200, 0, 0, 9156, 0, 0, 0, 0, 0, '', 0),
(@GUID+, 15043, 0, 0, 309, 0, 0, 1, 1, 0, -11912.7, -1494.4, 12.0913, 3.05153, 7200, 0, 0, 9156, 0, 0, 0, 0, 0, '', 0),
(@GUID+, 15043, 0, 0, 309, 0, 0, 1, 1, 0, -11903, -1502.04, 14.7285, 0.400987, 7200, 0, 0, 9156, 0, 0, 0, 0, 0, '', 0),
*/

SET @GUID :=;
DELETE FROM `creature` WHERE `guid` BETWEEN @GUID+0 AND @GUID+24;
INSERT INTO `creature` (`guid`, `id1`, `id2`, `id3`, `map`, `zoneId`, `areaId`, `spawnMask`, `phaseMask`, `equipment_id`, `position_x`, `position_y`, `position_z`, `orientation`, `spawntimesecs`, `wander_distance`, `currentwaypoint`, `curhealth`, `curmana`, `MovementType`, `npcflag`, `unit_flags`, `dynamicflags`, `ScriptName`, `VerifiedBuild`) VALUES
--- 5 Pack
(@GUID+0, 15043, 0, 0, 309, 0, 0, 1, 1, 0, -11903.1, -1490.94, 12.5739, 1.91973, 7200, 0, 0, 9156, 0, 0, 0, 0, 0, '', 0),
(@GUID+1, 15043, 0, 0, 309, 0, 0, 1, 1, 0, -11895.3, -1503.19, 15.1803, 5.42918, 7200, 0, 0, 9156, 0, 0, 0, 0, 0, '', 0),
(@GUID+2, 15043, 0, 0, 309, 0, 0, 1, 1, 0, -11892.8, -1498.98, 13.7794, 4.75143, 7200, 0, 0, 9156, 0, 0, 0, 0, 0, '', 0),
(@GUID+3, 15043, 0, 0, 309, 0, 0, 1, 1, 0, -11912.7, -1494.4, 12.0913, 3.05153, 7200, 0, 0, 9156, 0, 0, 0, 0, 0, '', 0),
(@GUID+4, 15043, 0, 0, 309, 0, 0, 1, 1, 0, -11903, -1502.04, 14.7285, 0.400987, 7200, 0, 0, 9156, 0, 0, 0, 0, 0, '', 0),
--- 4 Pack Missing First
(@GUID+5, 15043, 0, 0, 309, 0, 0, 1, 1, 0, -11895.3, -1503.19, 15.1803, 5.42918, 7200, 0, 0, 9156, 0, 0, 0, 0, 0, '', 0),
(@GUID+6, 15043, 0, 0, 309, 0, 0, 1, 1, 0, -11892.8, -1498.98, 13.7794, 4.75143, 7200, 0, 0, 9156, 0, 0, 0, 0, 0, '', 0),
(@GUID+7, 15043, 0, 0, 309, 0, 0, 1, 1, 0, -11912.7, -1494.4, 12.0913, 3.05153, 7200, 0, 0, 9156, 0, 0, 0, 0, 0, '', 0),
(@GUID+8, 15043, 0, 0, 309, 0, 0, 1, 1, 0, -11903, -1502.04, 14.7285, 0.400987, 7200, 0, 0, 9156, 0, 0, 0, 0, 0, '', 0),
--- 4 Pack Missing Second
(@GUID+9, 15043, 0, 0, 309, 0, 0, 1, 1, 0, -11903.1, -1490.94, 12.5739, 1.91973, 7200, 0, 0, 9156, 0, 0, 0, 0, 0, '', 0),
(@GUID+10, 15043, 0, 0, 309, 0, 0, 1, 1, 0, -11892.8, -1498.98, 13.7794, 4.75143, 7200, 0, 0, 9156, 0, 0, 0, 0, 0, '', 0),
(@GUID+11, 15043, 0, 0, 309, 0, 0, 1, 1, 0, -11912.7, -1494.4, 12.0913, 3.05153, 7200, 0, 0, 9156, 0, 0, 0, 0, 0, '', 0),
(@GUID+12, 15043, 0, 0, 309, 0, 0, 1, 1, 0, -11903, -1502.04, 14.7285, 0.400987, 7200, 0, 0, 9156, 0, 0, 0, 0, 0, '', 0),
--- 4 Pack Missing Third
(@GUID+13, 15043, 0, 0, 309, 0, 0, 1, 1, 0, -11903.1, -1490.94, 12.5739, 1.91973, 7200, 0, 0, 9156, 0, 0, 0, 0, 0, '', 0),
(@GUID+14, 15043, 0, 0, 309, 0, 0, 1, 1, 0, -11895.3, -1503.19, 15.1803, 5.42918, 7200, 0, 0, 9156, 0, 0, 0, 0, 0, '', 0),
(@GUID+15, 15043, 0, 0, 309, 0, 0, 1, 1, 0, -11912.7, -1494.4, 12.0913, 3.05153, 7200, 0, 0, 9156, 0, 0, 0, 0, 0, '', 0),
(@GUID+16, 15043, 0, 0, 309, 0, 0, 1, 1, 0, -11903, -1502.04, 14.7285, 0.400987, 7200, 0, 0, 9156, 0, 0, 0, 0, 0, '', 0),
--- 4 Pack Missing Fourth
(@GUID+17, 15043, 0, 0, 309, 0, 0, 1, 1, 0, -11903.1, -1490.94, 12.5739, 1.91973, 7200, 0, 0, 9156, 0, 0, 0, 0, 0, '', 0),
(@GUID+18, 15043, 0, 0, 309, 0, 0, 1, 1, 0, -11895.3, -1503.19, 15.1803, 5.42918, 7200, 0, 0, 9156, 0, 0, 0, 0, 0, '', 0),
(@GUID+19, 15043, 0, 0, 309, 0, 0, 1, 1, 0, -11892.8, -1498.98, 13.7794, 4.75143, 7200, 0, 0, 9156, 0, 0, 0, 0, 0, '', 0),
(@GUID+20, 15043, 0, 0, 309, 0, 0, 1, 1, 0, -11903, -1502.04, 14.7285, 0.400987, 7200, 0, 0, 9156, 0, 0, 0, 0, 0, '', 0),
--- 4 Pack Missing Final 
(@GUID+21, 15043, 0, 0, 309, 0, 0, 1, 1, 0, -11903.1, -1490.94, 12.5739, 1.91973, 7200, 0, 0, 9156, 0, 0, 0, 0, 0, '', 0),
(@GUID+22, 15043, 0, 0, 309, 0, 0, 1, 1, 0, -11895.3, -1503.19, 15.1803, 5.42918, 7200, 0, 0, 9156, 0, 0, 0, 0, 0, '', 0),
(@GUID+23, 15043, 0, 0, 309, 0, 0, 1, 1, 0, -11892.8, -1498.98, 13.7794, 4.75143, 7200, 0, 0, 9156, 0, 0, 0, 0, 0, '', 0),
(@GUID+24, 15043, 0, 0, 309, 0, 0, 1, 1, 0, -11912.7, -1494.4, 12.0913, 3.05153, 7200, 0, 0, 9156, 0, 0, 0, 0, 0, '', 0);

SET @POOL :=;
DELETE FROM `pool_template` WHERE `entry` BETWEEN @POOL+0 AND @POOL+6;
DELETE FROM `pool_creature` WHERE `guid` BETWEEN @GUID+0 AND @GUID+24;

INSERT INTO `pool_template` (`entry`, `max_limit`, `description`) VALUES
(@POOL+0, 1, 'ZG Entrance Snake 3-4 Pack Pool of Pools'),
(@POOL+1, 5, 'ZG Entrance Snake as 3 Pack 1/8'),