Silverleaf 1617
43526, 43530, 43534, 43539, 43541, 43542, 43544, 43545, 43549, 43556, 43558, 43559, 43560, 43562, 43565, 43572, 43573, 43574, 43577, 43578, 43579, 43580, 43581, 43591, 43594, 43595, 43598, 43599, 43602, 43603, 43606, 43607, 43608, 43610, 43611, 43612, 43615, 43618, 43619, 43620, 43621, 43624, 43625, 43630, 43631, 43633, 43634, 43635, 43636, 43640, 43641, 43642, 43643, 43646, 43651, 43654, 43655, 43658, 43661, 43662, 43663, 43664, 43665, 43670, 43671, 43679, 43680, 43681, 43688, 43690, 43691, 43696, 43697, 43698, 43699, 43701, 43702, 43704, 43712, 43715, 43716, 43718, 43720, 43721, 43722, 43724, 43725, 43730, 43732, 43733, 43933, 43936, 43937, 43938, 43979, 43988, 43989, 43990, 43991, 43993, 43994, 43995, 43996, 43997, 43998, 44004, 44005, 44006, 44007, 44014, 44015, 44018, 44019, 44032, 44152, 44153, 44154, 44155, 44163, 44164, 44165, 44169, 44170, 44171, 44172, 44173, 44174, 44178, 44183, 44187, 44188, 44189, 44192, 44196

Peacebloom 1618
43735, 43736, 43737, 43738, 43763, 43775, 43780, 43796, 43801, 43832, 43808, 43817, 43829, 43834, 43836, 43841, 43847, 43980, 43983, 43984, 43985, 43986, 44001, 44002, 44003, 44008, 44009, 44010, 44013, 44016, 44017, 44020, 44021, 44022, 44023, 44028, 44030, 44031, 44110, 44111, 44122, 44125, 44126, 44127, 44128, 44130, 44132, 44136, 44140, 44141, 44142, 44144, 44145, 44146, 44148, 44149, 44377, 44475, 44476

Earthroot 1619
43855, 43856, 43868, 43873, 43874, 43877, 43880, 43883, 43885, 43886, 43895, 43896, 43981, 43982, 43992, 43999, 44000, 44011, 44012, 44024, 44025, 44026, 44027, 44029, 44041, 44042, 44043, 44045, 44050, 44051, 44054, 44055, 44058, 44059, 44061, 44062

Mageroyal 1620 done
43887, 43898, 43900, 43901, 43902, 43904, 43897, 43899, 43903, 43905, 43906, 43987, 44064, 44065, 44066